1.000000000000000000e+03 1.450000000000000000e+02
2.000000000000000000e+03 1.090000000000000000e+02
4.000000000000000000e+03 7.800000000000000000e+01
8.000000000000000000e+03 6.600000000000000000e+01
1.600000000000000000e+04 3.500000000000000000e+01
3.200000000000000000e+04 2.400000000000000000e+01
6.400000000000000000e+04 2.400000000000000000e+01
1.280000000000000000e+05 1.100000000000000000e+01
2.560000000000000000e+05 5.000000000000000000e+00
5.120000000000000000e+05 4.000000000000000000e+00
1.024000000000000000e+06 3.000000000000000000e+00
2.048000000000000000e+06 0.000000000000000000e+00
4.096000000000000000e+06 0.000000000000000000e+00
8.192000000000000000e+06 1.000000000000000000e+00
1.638400000000000000e+07 1.000000000000000000e+00
